2.141757552161853440e+01 2.711218308076847094e+01 2.944995775663766580e+01 2.653320834621565183e+01 2.366854981075465147e+01 3.019058076437924498e+01 2.599570118224603732e+01 2.400417546748099795e+01 3.333914337590104537e+01 1.254077261402596299e+01
2.263904782316485864e+01 2.866569935092068278e+01 3.113947961737184755e+01 2.802728963602164924e+01 2.509819970701734704e+01 3.209136066056441905e+01 2.771510448064640286e+01 2.562173535970873317e+01 3.558575481876477653e+01 1.304254153764417801e+01
2.346468321605236085e+01 2.971424825909235423e+01 3.228192045104889729e+01 2.904457243116664600e+01 2.610602568646846677e+01 3.347252383030757983e+01 2.900400667497815377e+01 2.685317422750589955e+01 3.729608680875811899e+01 1.337143357546511169e+01
2.399898941267096575e+01 3.039111766686298566e+01 3.302048448846334594e+01 2.970798968135720841e+01 2.677561287523457878e+01 3.440700390675552001e+01 2.989194691352383160e+01 2.770989673435321521e+01 3.848597917019635872e+01 1.356294968143634883e+01
2.430787537252822617e+01 3.078066881747914252e+01 3.344411716439852711e+01 3.008819769933190003e+01 2.716013032093428237e+01 3.494541335209331834e+01 3.040528148230361793e+01 2.820591979893693590e+01 3.917489986320917694e+01 1.363932051336640860e+01
2.442970011932050767e+01 3.093148203963285781e+01 3.360317012634571654e+01 3.022403228570493283e+01 2.728945248627823617e+01 3.511697544432097828e+01 3.056000649612450815e+01 2.834988769378583129e+01 3.937485484236042055e+01 1.361034780738394012e+01
2.438097318976160466e+01 3.086424901206646965e+01 3.351856892731868243e+01 3.013074427979513104e+01 2.717426360218862058e+01 3.493034700557675620e+01 3.035834440274247470e+01 2.814032685010263535e+01 3.908379750719058165e+01 1.347405548163465738e+01
2.415879649466369372e+01 3.057537681219173820e+01 3.318594089441923956e+01 2.980320434182870315e+01 2.680775050979696061e+01 3.437377495842402197e+01 2.978693503789718378e+01 2.756301785938826754e+01 3.828197870385891832e+01 1.321625956820516201e+01
2.374058584234990832e+01 3.003689722701285447e+01 3.257570191956629202e+01 2.921595302668893623e+01 2.616540469205983399e+01 3.341437404015819368e+01 2.881575971203430697e+01 2.658980638305245137e+01 3.693029521011077776e+01 1.280871874726605775e+01
2.308103538425189782e+01 2.919268470472935917e+01 3.162925175335854888e+01 2.832043112414932651e+01 2.520304283191895323e+01 3.199643753362615328e+01 2.739758651740507034e+01 2.517872482759160846e+01 3.497045872799868249e+01 1.220568736151852640e+01
2.210589322659326328e+01 2.795032269676979553e+01 3.025053862428014284e+01 2.703887315286327109e+01 2.385274974369977130e+01 3.003872906446207480e+01 2.546823194147602720e+01 2.327589955346559236e+01 3.232764478454964063e+01 1.133893254528278938e+01
2.070168598794273507e+01 2.616716313529771654e+01 2.829115415339601114e+01 2.525332815016389532e+01 2.201593533719265494e+01 2.743075662110971891e+01 2.294856928302870358e+01 2.082046585767238511e+01 2.891731909594135175e+01 1.011219180975529319e+01
1.869983395652830538e+01 2.362812283163373550e+01 2.552555133517574504e+01 2.278615632361962184e+01 1.955188790009894362e+01 2.402824687725759389e+01 1.975033132371624944e+01 1.775471396825930626e+01 2.465932922608116229e+01 8.399251184523230052e+00
1.585170076430364183e+01 2.001169418647172904e+01 2.161098020411014886e+01 1.936183051338018046e+01 1.625908533692600244e+01 1.964876266672120764e+01 1.579010529946914154e+01 1.404290499534431369e+01 1.950403785150112768e+01 6.060594899627399279e+00
0.000000000000000000e+00 0.000000000000000000e+00 0.000000000000000000e+00 0.000000000000000000e+00 0.000000000000000000e+00 0.000000000000000000e+00 0.000000000000000000e+00 0.000000000000000000e+00 0.000000000000000000e+00 0.000000000000000000e+00
