1.838151620223280247e+01 1.981512961649296045e+01 7.154303044629165242e+01 2.899938844514584346e+01 3.043453648620584673e+01 5.598397971454948419e+01 1.981578307766067937e+01 1.893446538879115337e+01 1.051915017857788115e+02 1.654927545898471308e+01
2.024319977416641692e+01 2.180265237052491401e+01 7.886759318614440417e+01 3.185679311119129054e+01 3.353610601939295321e+01 6.230470379991012919e+01 2.211109537686528270e+01 2.122002392852364139e+01 1.178890522247970267e+02 1.755938778861459681e+01
2.138761695130972029e+01 2.301783299975498309e+01 8.336677238449280480e+01 3.362527814730786702e+01 3.551329624526106699e+01 6.651987799292955117e+01 2.367260369353763849e+01 2.279876540201402690e+01 1.266598401443847450e+02 1.817855172885963100e+01
2.208664152825755522e+01 2.375962180500183862e+01 8.612478123604567770e+01 3.472788493532819132e+01 3.677434165921577147e+01 6.927370583325112818e+01 2.470491580550665134e+01 2.385012340135426356e+01 1.325007188869556956e+02 1.854611204270792157e+01
2.250157179878610236e+01 2.420064310206479163e+01 8.777213186591745853e+01 3.539683104678740477e+01 3.755185946820997600e+01 7.099588764204470692e+01 2.535485939274522238e+01 2.451461687283601520e+01 1.361923493368575180e+02 1.874489535273239227e+01
2.272609302143076704e+01 2.443966987106981748e+01 8.866801345688686808e+01 3.576434286374635008e+01 3.798310700957160435e+01 7.195847073347523803e+01 2.571939643348282090e+01 2.488803587973714571e+01 1.382668985991901707e+02 1.881936291584419507e+01
2.281011494835139786e+01 2.452896508506542972e+01 8.900196070782814672e+01 3.590086270104752941e+01 3.814290849270192751e+01 7.231462918274202423e+01 2.585425038600283187e+01 2.502616892285997352e+01 1.390343028883028751e+02 1.878641178871686890e+01
2.277252907868038889e+01 2.448819774661346571e+01 8.884484603341275033e+01 3.583249628855424618e+01 3.805885239416029719e+01 7.212077343151489117e+01 2.577998265397894073e+01 2.494963280874515021e+01 1.386091001256073980e+02 1.863969148049314484e+01
2.260616347082427424e+01 2.430972365810642444e+01 8.816789682774663106e+01 3.554723970301628810e+01 3.771662561066807484e+01 7.134453744598184244e+01 2.548425693472519526e+01 2.464574477934178631e+01 1.369208306566624458e+02 1.834818146964620666e+01
2.227621523690978478e+01 2.395698228753707681e+01 8.683698537517635430e+01 3.499282109610528124e+01 3.705761881773120336e+01 6.985958814301591246e+01 2.491987233335695606e+01 2.406650341284090544e+01 1.337028200304077927e+02 1.784860263888631593e+01
2.171172621870169550e+01 2.335560657799981499e+01 8.458091431892107437e+01 3.406580925825078765e+01 3.596848231346324098e+01 6.742653048445821184e+01 2.399827336851971538e+01 2.312236499592544448e+01 1.284576032864617900e+02 1.702983529214842662e+01
2.078780844685636353e+01 2.237457947113897916e+01 8.092348379522378821e+01 3.258857663059633580e+01 3.426002422958735139e+01 6.365743443108903676e+01 2.257832326824074798e+01 2.167203663502896660e+01 1.204002200149407003e+02 1.570634469924001131e+01
1.929401699798908609e+01 2.079150423078778687e+01 7.505554142319542166e+01 3.026500344302255030e+01 3.162838624653786113e+01 5.795944314513818085e+01 2.045085992890243887e+01 1.951026835011352034e+01 1.083903926527998749e+02 1.357914764468935864e+01
1.688081755922566884e+01 1.822996743440942780e+01 6.560047688644758068e+01 2.658986481075162800e+01 2.757749671550346804e+01 4.945090017345939515e+01 1.732224995064797923e+01 1.636161608645941712e+01 9.089787654725606103e+01 1.020182542443291496e+01
1.296470319048935949e+01 1.404037172421923430e+01 5.020841508361926486e+01 2.062820488058561352e+01 2.122364804668102778e+01 3.684961593618097453e+01 1.280540156366471649e+01 1.190801416091033182e+01 6.615564021101046421e+01 1.493206114713648169e+01
