6.998270675340795322e+01 2.949033626087322446e+01 3.229614091640873852e+01 1.877563710963360961e+02 1.021493831544314546e+01 1.248483907362201606e+01 1.528274785701031746e+01 6.379663449975481626e+01 2.928676171837830466e+01 3.347127657365241049e+01
7.794175637628661946e+01 3.267068051958346331e+01 3.566416029215889694e+01 2.064675943354674814e+02 1.097077417662728571e+01 1.336726294471102783e+01 1.627450288130678402e+01 6.776216922671191867e+01 3.107870105738458122e+01 3.572245741920561812e+01
8.322108878448487701e+01 3.473526344572015034e+01 3.781949573841856704e+01 2.184416830777090297e+02 1.146938412425330434e+01 1.394493207041953831e+01 1.691686969410848107e+01 7.031032299231013383e+01 3.223189158564151313e+01 3.717792555500775364e+01
8.663789408627876298e+01 3.605966805022418953e+01 3.919385177588316793e+01 2.260769958502552583e+02 1.178201652194345961e+01 1.430587961769003691e+01 1.731633313693592413e+01 7.188885314052784281e+01 3.294622563593921427e+01 3.808025571259999964e+01
8.875593215261785929e+01 3.687760546775516701e+01 4.004051288152579957e+01 2.307806687429217618e+02 1.195683102656051666e+01 1.450740412316442374e+01 1.753889323875678841e+01 7.276675624949203325e+01 3.334333334563585538e+01 3.858184858454073662e+01
8.993298593929742424e+01 3.733145843744218695e+01 4.050982108508355850e+01 2.333879353837152451e+02 1.202160613310480208e+01 1.458205950161188369e+01 1.762132223285457400e+01 7.309189704446359315e+01 3.349051750785221770e+01 3.876786570263684695e+01
9.036962218150597437e+01 3.749976231698156681e+01 4.068381381211349890e+01 2.343545593952590878e+02 1.198667845570765600e+01 1.454191556257555717e+01 1.757719322600801704e+01 7.291871640241309649e+01 3.341266806852896565e+01 3.866993417921223397e+01
9.014046391813295145e+01 3.741160907719180528e+01 4.059278853051876723e+01 2.338488602038287070e+02 1.184615821898150045e+01 1.438020263602829374e+01 1.739905974345094464e+01 7.221793601104054972e+01 3.309654267606928357e+01 3.827132235565477458e+01
8.920626234078393679e+01 3.705191135903332622e+01 4.022117638991161215e+01 2.317843443642348404e+02 1.157693794961160805e+01 1.407018350582739430e+01 1.705722945873484520e+01 7.087175720296448844e+01 3.248853949249728146e+01 3.750406696345299906e+01
8.740708889763098455e+01 3.635882250132307547e+01 3.950490760028014847e+01 2.278050687699063417e+02 1.113529598212315541e+01 1.356105154381918787e+01 1.649495169338680256e+01 6.865394990018668864e+01 3.148562786150688098e+01 3.623753244122046624e+01
8.443532313776661624e+01 3.521289064144108494e+01 3.831989718856939930e+01 2.212216726294352895e+02 1.045107285031338762e+01 1.277052783625108034e+01 1.561920888591467360e+01 6.519034570961211728e+01 2.991771926561677830e+01 3.425674033145990904e+01
7.978493132756705108e+01 3.341578422509672208e+01 3.645883509596644245e+01 2.108824335585058520e+02 9.420410301428759681e+00 1.157416925982478695e+01 1.428537985026413359e+01 5.988792701166511989e+01 2.751736611359887874e+01 3.122790465654911785e+01
7.267324047913976415e+01 3.065381776781465106e+01 3.358897030768145697e+01 1.949387349639109459e+02 7.902347737273246686e+00 9.793868397731042563e+00 1.227217559565569793e+01 5.180097195476785998e+01 2.386499385490040481e+01 2.664972398647775265e+01
6.194097834337690500e+01 2.643609596345358170e+01 2.917142204753584878e+01 1.703967948992331571e+02 5.739781016324947416e+00 7.199774650212762417e+00 9.237849481025154574e+00 3.934637797010461213e+01 1.825629924033417240e+01 1.980566770639353891e+01
4.598679114330343509e+01 1.998257321722526569e+01 2.228298032292281405e+01 1.321276690898307891e+02 9.112619912847206294e+00 1.117620612005779890e+01 1.377455339133597079e+01 5.766546797565083438e+01 2.652238343635219309e+01 3.006407375172386409e+01
