1.673742058428114987e+01 1.778164640715952416e+01 6.216663364008962134e+01 2.323870135964689965e+01 2.436804605555668246e+01 5.342752670547366023e+01 2.398105198466025456e+01 2.844400558202211471e+01 1.746889396383377857e+02 1.505905377694832659e+01
1.841884689486561300e+01 1.956290968555190091e+01 6.866107300428475924e+01 2.577306092838564666e+01 2.723692952976594484e+01 5.982418567917687824e+01 2.659914852846208433e+01 3.128551231492172136e+01 1.904750921364775138e+02 1.597558484174146365e+01
1.945670868225363392e+01 2.066471813634723986e+01 7.275395456615206058e+01 2.742966790613094830e+01 2.917301300514190743e+01 6.418306973381102409e+01 2.831192329061022406e+01 3.308523321458980604e+01 2.004735441804871243e+02 1.654147941304783487e+01
2.009689705642233903e+01 2.134743989247749241e+01 7.531893388337384465e+01 2.849321054552077115e+01 3.043766685173323694e+01 6.704875974282019513e+01 2.941941816819907984e+01 3.423466465603146958e+01 2.068592757014879737e+02 1.688047220645131219e+01
2.048098535569279122e+01 2.175883298059002868e+01 7.687626819527297073e+01 2.914886861046722188e+01 3.122547670743253434e+01 6.884218419824884450e+01 3.010812010170572606e+01 3.494608378855377850e+01 2.108116042902337028e+02 1.706504328215444488e+01
2.069039908108492654e+01 2.198378444396698228e+01 7.773161243062247650e+01 2.951204376850038358e+01 3.166435561246716901e+01 6.984404478282566231e+01 3.049195317090895685e+01 3.534187791144180579e+01 2.130104595020716260e+02 1.713384979849782752e+01
2.076843455033220565e+01 2.206755601390737098e+01 7.804988679215607306e+01 2.964697854449309133e+01 3.182719706521092462e+01 7.021532380141215413e+01 3.063401766330112608e+01 3.548825253702796800e+01 2.138236498695665091e+02 1.710138965569721137e+01
2.073129416078375442e+01 2.202705248075962174e+01 7.789264540931216629e+01 2.957767159027239856e+01 3.174121205569799997e+01 7.001589932344212741e+01 3.055751935531768382e+01 3.540937434426954411e+01 2.133854348623889337e+02 1.696172409503120093e+01
2.057222039073150910e+01 2.185497386132924547e+01 7.723190161915788110e+01 2.929206321219159292e+01 3.139169189314827690e+01 6.921206857356850151e+01 3.024961687421373213e+01 3.509205446210802393e+01 2.116225431238440819e+02 1.668728797952427101e+01
2.026016535599812940e+01 2.151841267316340733e+01 7.594488742326154807e+01 2.873986167342507514e+01 3.071944413014323771e+01 6.767085917727409594e+01 2.965934946639194081e+01 3.448368435349541272e+01 2.082427051557075970e+02 1.622248464767419662e+01
1.973269493042931444e+01 2.095161257870588756e+01 7.378872987726485633e+01 2.782357257289967478e+01 2.961137320010298524e+01 6.514001628030054292e+01 2.868938248954919246e+01 3.348327482805881772e+01 2.026848700512906021e+02 1.547024770333945831e+01
1.888102150032629112e+01 2.004075867278493917e+01 7.034844233514833434e+01 2.638139280751446947e+01 2.788367390887443875e+01 6.121298688041868985e+01 2.717992888081120384e+01 3.192288898649320572e+01 1.940160551828687403e+02 1.426797810266410416e+01
1.752234427783751158e+01 1.859561576880793154e+01 6.494288760403054539e+01 2.415992705531397178e+01 2.525870641587019705e+01 5.528271092075537751e+01 2.488077236297155181e+01 2.953100927249109731e+01 1.807278298202646738e+02 1.234881087386921550e+01
1.534915123585288299e+01 1.629544620499278906e+01 5.645562795793703970e+01 2.077433018271702636e+01 2.134447297847960456e+01 4.650933419007374425e+01 2.140160144907823536e+01 2.585074101200583385e+01 1.602818903461837294e+02 9.298852569480278163e+00
1.182742267041558826e+01 1.257193410070743411e+01 4.302257600154599970e+01 1.564731766517055789e+01 1.565498349533313949e+01 3.390911561086957704e+01 1.612009270510059977e+01 2.001678477860675542e+01 1.278710178392313850e+02 1.359428556565899804e+01
